col0,col1,col2,col3,col4
Sant'Agnese fuori le mura,Rome,Agnes of Rome,0601-01-01,Italy
Sant'Andrea della Valle,Ponte,Andrew,1650-01-01,Italy
Sant'Andrea al Quirinale,Monti,Andrew,1660-01-01,Italy
Sant'Andrea delle Fratte,Rome,Andrew,1662-01-01,Italy
